22 1.25
23 0.64
35 1.15
35 0.71
35 1.98
36 1.13
36 1.86
37 1.65
37 1.27
37 1.51
38 1.52
38 1.01
38 0.89
55 0.66
55 0.95
56 0.77
56 1.21
57 1.11
57 1.20
58 0.90
59 1.15
68 1.50
69 1.26
69 1.80
70 1.21
70 0.77
71 1.06
71 1.82
92 0.82
92 1.59
93 1.49
93 1.97
93 1.57
96 0.83
96 1.19
113 1.39
113 1.95
113 0.78
119 1.96
120 1.05
121 0.55
122 1.19
132 1.54
133 1.92
134 1.66
142 1.29
143 0.78
143 1.49
144 1.35
144 1.11
150 1.74
150 1.31
151 1.88
151 0.79
152 1.00
152 1.09
153 1.72
167 1.13
169 0.99
170 1.66
170 1.14
170 0.72
171 1.48
172 1.80
172 0.54
177 1.37
177 1.73
178 1.95
178 0.66
178 1.30
178 0.63
180 1.58
180 0.67
188 1.72
189 1.24
189 0.80
189 1.42
190 1.87
204 1.90
236 0.79
236 0.80
236 1.17
237 1.78
240 0.61
250 1.66
250 0.57
251 1.52
251 0.80
267 1.02
268 1.42
282 1.42
283 0.78
301 0.59
301 1.86
301 1.74
302 1.68
316 1.91
322 0.51
322 0.80
369 1.98
398 0.77
402 1.05
402 1.95
402 1.40
409 1.42
409 1.47
409 1.97
411 0.98
411 1.32
412 1.23
412 0.93
414 0.90
414 1.73
415 1.54
428 0.65
466 1.19
492 1.08
493 0.69
494 1.26
494 1.26
495 0.68
495 0.89
517 0.56
517 0.76
518 1.47
522 1.90
542 0.81
571 1.65
580 1.24
587 1.59
587 0.55
587 1.19
599 1.09
633 1.40
663 1.58
663 1.55
669 1.62
740 0.90
740 0.83
740 1.41
740 0.82
741 0.53
741 1.19
741 0.79
741 1.18
741 1.87
762 0.58
764 0.65
772 0.79
772 1.46
773 1.33
773 1.07
773 0.92
773 1.88
774 0.74
774 0.92
774 1.71
809 0.58
809 1.99
829 0.73
844 1.95
853 1.93
876 1.26
876 1.00
879 0.74
886 1.84
887 0.54
922 0.92
923 1.09
931 1.87
937 1.15
947 1.12
947 1.47
953 1.13
967 0.76
970 1.23
985 0.56
990 1.94
995 1.49
1006 1.65
1011 1.59
1013 1.89
1016 0.75
1036 1.94
1042 1.92
1057 1.92
1060 0.56
1062 1.98
1067 0.56
1071 1.33
1071 1.32
1071 1.40
1071 1.44
1086 1.43
1086 1.45
1087 1.58
1087 0.95
1099 1.90
1126 0.71
1132 1.28
1132 1.88
1133 1.94
1133 1.70
1164 1.70
1188 1.86
1188 1.29
1189 0.51
1263 1.64
1264 1.57
1268 0.88
1289 1.40
1290 1.84
1294 1.34
1295 1.14
1301 1.25
1301 0.67
1302 1.01
1302 1.35
1303 1.75
1312 1.33
1313 1.50
1314 1.94
1405 1.39
1405 1.01
1405 1.53
1406 1.51
1429 0.97
1429 1.60
1429 1.26
1429 0.54
1447 1.96
1448 1.90
1449 1.62
1449 1.54
1476 1.33
1477 1.69
1477 0.76
1484 1.43
1545 0.56
1545 1.33
1546 1.32
1546 1.17
1546 1.69
1547 1.01
1547 1.53
1581 0.75
1581 1.13
1587 0.80
1588 1.21
1589 0.80
1648 1.42
1648 1.01
1648 0.77
1656 1.94
1656 1.85
1658 1.86
1658 0.79
1668 1.43
1668 1.07
1680 1.42
1681 1.15
1681 1.08
1681 0.63
1724 1.04
1724 0.61
1724 1.44
1739 0.99
1739 1.94
1741 1.07
1742 1.95
1746 0.66
1768 0.55
1769 0.63
1954 1.58
1954 0.75
1954 1.09
1954 1.61
1954 1.82
1954 0.51
1982 1.41
1982 0.71
1983 1.33
1984 1.48
1992 1.77
1992 1.51
1993 1.76
1993 0.97
2100 0.57
2144 0.78
2146 1.40
2146 1.88
2176 1.67
2176 0.91
2176 1.00
2177 1.09
2214 0.87
2215 1.44
2235 0.61
2235 1.34
2237 0.84
2237 1.60
2253 1.18
2256 2.00
2267 1.01
2271 1.46
2273 1.22
2274 1.91
2300 0.76
2306 1.90
2306 1.30
2306 1.86
2310 0.56
2310 0.64
2311 1.40
2316 1.71
2317 1.16
2320 1.66
2322 2.00
2323 1.79
2323 1.50
2324 1.25
2324 0.51
2337 1.26
2345 0.52
2349 0.70
2357 0.84
2366 1.32
2368 1.10
2370 1.53
2374 1.11
2375 0.53
2375 1.31
2377 1.69
2379 1.95
2383 1.26
2390 1.00
2400 0.67
2403 0.84
2403 0.63
2404 1.79
2404 1.04
2408 0.96
2433 1.96
2438 0.96
2447 1.16
2456 1.12
2495 0.65
2496 1.06
2496 1.17
2521 1.05
2522 1.42
2524 1.13
2525 1.30
2527 1.21
2534 0.69
2535 1.01
2547 1.77
2548 1.80
2555 0.72
2573 1.08
2574 1.54
2582 1.21
2585 1.58
2591 0.62
2593 1.51
2597 1.72
2598 1.37
2600 1.39
2616 1.42
2617 1.70
2619 1.07
2621 0.81
2625 1.25
2627 1.40
2629 0.74
2630 1.37
2644 1.54
2649 0.98
2650 1.39
2652 1.68
2652 1.85
2652 1.54
2655 0.99
2667 1.92
2679 0.65
2679 1.10
2680 1.70
2684 1.94
2685 0.70
2691 1.46
2695 1.49
2698 1.05
2705 0.97
2774 1.58
2774 1.65
2781 0.57
2782 1.75
2791 1.23
2791 1.82
2794 1.25
2794 1.78
2794 0.66
2795 1.13
2795 1.74
2797 1.69
2803 0.98
2811 1.30
2814 1.24
2815 1.01
2816 1.40
2823 0.60
2826 0.86
2827 0.59
2828 1.72
2830 1.65
2833 1.80
2836 1.62
2836 1.68
2836 1.03
2842 1.03
2846 0.70
2846 1.18
2846 1.76
2847 0.96
2847 1.74
2854 0.53
2856 1.61
2857 0.54
2862 1.44
2875 1.51
2880 1.52
2880 1.97
2880 1.11
2880 0.65
2880 1.36
2887 0.91
2887 0.54
2889 1.31
2894 1.44
2899 1.25
2900 1.17
2904 1.81
2905 1.19
2909 0.55
2909 1.89
2909 1.98
2915 1.41
2920 0.69
2926 1.78
2930 0.71
2930 1.47
2930 0.61
2931 1.05
2933 0.69
2934 1.98
2945 0.57
2951 1.92
2957 1.15
2962 1.33
2969 0.72
2990 1.87
2993 0.82
2993 0.57
2997 1.00
2999 1.56
3008 1.81
3020 1.14
3024 0.92
3029 0.64
3034 1.02
3038 1.15
3043 0.94
3043 1.59
3043 1.70
3043 1.05
3045 1.08
3048 1.45
3055 1.49
3060 1.76
3061 1.46
3065 1.35
3067 1.15
3069 1.24
3069 1.81
3073 1.40
3073 1.71
3074 1.67
3074 1.54
3074 1.97
3074 1.35
3086 1.96
3087 1.39
3097 1.46
3098 0.84
3100 1.21
3100 1.38
3101 1.88
3103 1.60
3113 0.61
3114 0.55
3115 1.08
3116 0.92
3117 1.79
3118 1.39
3119 1.88
END