10 1.63
16 1.18
17 0.50
18 0.84
29 1.50
30 0.69
31 1.71
41 1.75
42 1.38
43 0.56
44 1.51
45 1.68
63 1.52
64 1.03
67 1.61
83 1.40
84 1.20
85 1.09
86 1.96
93 1.35
95 0.63
97 1.65
103 0.90
104 1.32
105 1.18
109 0.92
110 0.68
111 1.65
123 1.61
124 1.10
125 0.61
127 1.38
131 1.77
132 1.69
139 1.18
140 1.49
176 0.84
177 1.13
180 0.63
181 0.80
182 1.19
184 1.30
185 1.93
186 0.71
192 1.50
196 0.87
198 0.76
205 1.67
213 1.61
264 1.73
269 0.65
277 1.91
278 1.62
279 1.48
281 0.98
282 1.77
289 0.75
294 1.07
314 1.73
328 0.67
329 1.83
330 1.60
331 1.63
334 0.85
346 0.55
347 1.03
359 1.94
365 1.56
382 0.68
383 1.57
385 0.65
390 1.44
395 1.60
404 1.57
426 1.01
444 1.31
451 0.73
482 1.75
492 1.61
493 1.68
494 1.36
514 1.05
515 1.14
525 1.32
536 1.65
537 1.62
556 1.95
580 1.65
584 1.75
585 1.71
607 1.07
612 0.54
613 1.09
615 1.71
623 0.82
639 0.64
651 1.41
654 1.91
664 0.97
670 1.89
674 0.52
688 0.51
692 0.97
699 1.72
712 0.73
730 1.33
732 1.59
735 1.43
740 1.52
744 0.75
754 1.24
755 0.89
760 0.79
766 0.90
784 0.91
790 1.57
795 1.40
798 0.50
814 1.51
834 1.93
878 0.65
884 1.89
892 0.69
895 1.13
901 1.44
910 1.13
911 1.40
912 1.19
914 0.56
917 1.32
919 1.36
920 0.54
929 0.76
959 1.68
968 1.19
993 1.81
994 1.86
995 1.62
996 1.58
997 1.99
1004 1.10
1024 1.45
1027 0.61
1028 1.67
1029 1.87
1053 1.50
1054 0.74
1105 1.09
1106 1.31
1107 1.04
1138 1.58
1140 1.64
1141 0.78
1175 1.89
1182 0.75
1183 1.38
1184 1.04
1191 1.58
1192 1.72
1201 1.02
1202 1.76
1203 0.93
1232 1.52
1233 0.94
1244 0.85
1247 1.30
1250 1.86
1268 1.41
1316 1.66
1325 0.60
1349 1.16
1356 1.93
1359 1.97
1393 0.65
1403 1.56
1416 0.94
1417 1.13
1418 1.10
1426 1.01
1429 0.58
1469 1.00
1475 1.44
1504 0.85
1505 0.66
1514 0.84
1534 1.66
1536 0.73
1537 0.52
1538 1.75
1542 1.89
1543 1.12
1550 1.22
1566 1.71
1587 1.85
1600 1.57
1602 1.40
1603 0.86
1609 1.20
1617 1.42
1620 1.68
1627 1.83
1630 0.82
1635 1.94
1638 1.32
1664 0.85
1669 0.75
1673 1.63
1674 1.91
1679 1.70
1683 1.43
1685 1.15
1686 1.36
1698 1.01
1700 1.31
1706 0.83
1710 1.96
1712 0.80
1717 1.45
1719 1.97
1726 1.36
1728 1.01
1730 1.14
1734 1.21
1735 1.90
1739 1.05
1742 1.91
1749 1.24
1758 0.69
1760 0.83
1761 1.37
1763 1.17
1764 1.71
1768 1.21
1788 0.63
1793 1.46
1799 1.69
1807 0.71
1844 0.73
1845 0.65
1870 1.52
1871 1.44
1874 1.40
1875 1.26
1882 0.99
1883 1.34
1894 0.51
1895 1.78
1904 1.55
1918 1.80
1921 0.99
1932 1.62
1940 0.75
1947 0.82
1960 1.71
1961 1.80
1962 0.61
1964 1.72
1966 1.70
1970 1.45
1974 1.20
1976 1.78
1977 1.23
1993 0.50
1995 0.53
1996 1.12
1998 1.90
2010 1.87
2021 1.83
2022 1.77
2026 1.75
2027 0.67
2033 0.75
2034 1.68
2036 1.21
2046 1.04
2085 1.74
2088 1.60
2099 1.85
2106 1.55
2107 0.85
2108 1.43
2115 1.53
2119 1.04
2121 1.61
2127 1.26
2138 0.86
2139 1.84
2140 1.55
2153 0.77
2159 1.36
2164 1.49
2167 2.00
2168 0.66
2171 1.07
2194 0.70
2197 1.33
2204 0.84
2213 0.82
2217 1.86
2218 1.76
2221 1.97
2225 1.95
2234 1.77
2237 1.32
2248 1.68
2268 0.99
2271 1.38
2272 1.23
2273 1.69
2278 0.82
2290 1.84
2293 1.36
2294 0.91
2296 1.09
2298 0.56
2307 1.65
2323 1.98
2328 1.82
2330 0.85
2336 0.84
2339 0.68
2361 1.82
2372 0.58
2376 1.26
2379 0.74
2380 0.79
2381 1.02
END