1329 .20
1294 .20
1708 .20
1189 .20
1300 .20
1712 .20
1772 .20
2140 .20
2137 .24
1038 .20
1037 .45
1550 .20
1549 .20
2194 .20
1253 .20
2196 .45
2129 .45
1095 .20
1112 .20
1046 .20
1200 .20
2170 .20
793  .45
1094 .24
72   .45
638  .20
707  .20
611  .20
91   .20
2169 .20
775  .20
644  .24
857  .45
1776 .20
1780 .45
1110 .45
1097 .20
2048 .45
2131 .45
760  .45
997  .45
1007 .45
186  .45
190  .20
195  .20
162  .20
161  .20
1957 .20
1995 .20
1577 .20
31   .20
14   .20
1040 .24
782  .20
23   .24
88   .20
1492 .20
543  .20
544  .20
539  .20
1483 .20
757  .20
756  .20
46   .20
352  .20
419  .20
513  .20
1139 .20
755  .20
754  .20
337  .20
339  .20
336  .20
2181 .20
1391 .20
156  .20
310  .20
388  .20
343  .20
1480 .20
21   .24
38   .20
63   .20
51   .20
480  .20
487  .45
491  .20
130  .45
879  .45
1005 .20
366  .20
1412 .20
1420 .20
42   .20
614  .45
1907 .45
1572 .20
1781 .20
391  .20
496  .20
495  .20
406  .20
1292 .24
1497 .45
2177 .45
1283 .45
1496 .24
1444 .20
1644 .20
1546 .20
344  .20
342  .20
334  .20
333  .20
348  .20
347  .20
346  .20
359  .20
356  .20
396  .20
192  .20
159  .45
174  .45
170  .45
169  .45
1400 .45
1027 .45
27   .45
18   .45
26   .45
983  .20
1006 .20
910  .20
882  .20
2207 .20
179  .20
748  .20
1450 .20
919  .20
918  .20
931  .20
938  .20
930  .20
929  .20
920  .20
588  .20
76   .20
1012 .24
1026 .45
1489 .20
1028 .45
1886 .20
1891 .20
1888 .20
1890 .20
1960 .20
778  .20
776  .20
1955 .20
2027 .20
1999 .20
2026 .20
1511 .20
1186 .20
1314 .20
1702 .20
1667 .20
1515 .20
1514 .20
1078 .117
1137 .20
1063 .20
1409 .20
1568 .20
1713 .20
1142 .20
END
