17 0.60
18 1.45
26 0.62
27 1.76
28 1.49
29 1.07
43 0.83
44 1.42
45 0.72
55 0.54
56 1.62
57 1.11
58 1.00
59 0.86
78 1.59
79 0.57
82 1.05
104 0.58
105 1.18
106 0.55
107 1.78
116 1.10
117 0.86
118 1.26
125 0.93
126 1.82
127 1.14
132 0.67
133 0.73
134 1.68
135 0.70
146 0.70
147 0.89
148 1.05
150 0.94
151 1.44
155 1.02
156 1.08
159 0.58
165 1.26
166 1.24
205 0.78
206 1.56
215 1.72
219 0.90
221 2.00
222 1.05
223 1.57
229 0.95
230 0.82
239 0.62
246 1.04
291 1.86
294 0.72
299 1.83
306 1.31
307 0.53
308 1.61
310 1.60
311 1.80
319 1.01
345 0.72
362 1.25
363 0.69
364 1.45
365 0.96
368 1.62
382 1.04
383 1.86
386 1.31
395 1.55
421 0.54
426 1.46
431 1.60
440 1.16
447 1.36
449 1.68
463 1.17
482 1.60
490 1.96
522 1.36
533 1.91
534 1.13
535 1.58
549 1.71
557 1.46
558 1.05
569 0.59
581 1.50
594 1.40
601 1.75
622 1.35
626 1.64
630 1.99
631 0.76
655 0.79
660 0.76
661 1.13
667 0.98
671 1.96
673 1.60
681 1.41
687 1.16
699 1.38
702 0.74
712 1.55
718 1.48
722 1.55
731 0.52
736 1.13
740 0.61
747 1.13
759 1.37
760 1.26
778 1.16
780 0.64
783 0.87
788 0.67
792 1.44
803 1.63
804 1.35
809 0.77
815 1.26
834 1.15
840 1.26
844 1.04
848 1.73
854 1.89
873 1.03
876 1.65
896 1.00
902 1.06
903 0.62
952 1.23
958 1.26
972 1.83
973 1.29
977 1.19
986 0.94
998 1.61
999 1.09
1002 0.98
1003 0.93
1004 1.69
1007 0.51
1010 1.31
1012 1.06
1021 0.72
1022 1.29
1023 1.21
1032 0.86
1076 0.88
1108 1.04
1110 1.31
1111 1.31
1112 1.89
1114 1.89
1129 0.72
1151 1.50
1152 1.69
1153 1.80
1178 1.80
1179 1.23
1187 1.82
1188 1.18
1226 0.70
1245 1.01
1246 1.57
1247 1.65
1279 0.78
1285 0.60
1286 1.28
1287 1.38
1296 1.08
1330 0.88
1341 1.06
1342 1.69
1350 1.68
1351 1.97
1352 0.63
1362 0.97
1373 1.69
1374 1.42
1375 0.54
1415 1.82
1416 1.00
1429 1.70
1433 0.99
1434 1.05
1435 1.55
1436 1.22
1440 1.74
1444 1.77
1462 1.11
1494 0.53
1518 1.13
1519 1.49
1520 1.58
1521 1.35
1543 1.96
1546 0.50
1547 1.20
1580 0.58
1594 1.74
1647 0.93
1675 1.36
1676 1.20
1677 0.69
1687 0.51
1688 1.30
1742 0.94
1749 0.89
1760 0.72
1774 1.70
1779 0.80
1798 1.50
1799 1.34
1841 1.09
1843 1.25
1847 1.04
1849 0.90
1852 1.51
1865 0.81
1877 1.45
1878 1.19
1885 0.77
1911 1.43
1912 1.74
1930 1.34
1932 1.75
1933 1.80
1949 1.45
1952 1.35
1962 0.87
1967 0.76
1969 1.07
1970 0.71
1996 1.48
2002 0.58
2006 0.50
2007 1.52
2012 0.97
2016 0.98
2018 1.21
2019 1.21
2020 0.86
2032 1.15
2040 0.98
2044 1.67
2046 1.30
2051 1.48
2059 0.88
2061 1.26
2063 1.50
2067 1.19
2068 0.70
2072 1.68
2075 1.30
2083 1.13
2095 0.80
2096 1.33
2098 1.39
2101 1.76
2123 0.64
2128 1.95
2136 1.66
2145 1.80
2180 1.64
2181 0.92
2206 1.14
2207 1.02
2209 1.31
2212 1.21
2218 1.49
2219 0.85
2231 0.52
2232 0.51
2239 1.16
2257 1.14
2258 1.02
2269 1.28
2277 0.82
2281 1.52
2284 0.86
2297 1.12
2299 1.52
2300 1.35
2302 1.67
2304 1.55
2308 0.81
2312 1.79
2314 1.14
2315 0.58
2325 0.61
2332 1.10
2334 1.28
2337 0.60
2349 1.54
2360 1.64
2361 1.79
2366 1.15
2372 1.97
2376 1.18
2386 0.89
2438 0.58
2445 1.52
2446 0.74
2455 1.40
2458 0.53
2459 1.45
2461 1.61
2462 1.64
2467 1.16
2475 1.40
2478 1.93
2479 1.84
2480 1.98
2489 0.60
2490 1.77
2491 1.86
2496 0.89
2499 0.62
2505 0.83
2508 1.50
2509 1.46
2517 0.54
2519 0.87
2522 1.53
2531 1.16
2534 1.86
2537 0.88
2544 1.36
2549 0.56
2550 1.78
2552 1.52
2554 1.93
2555 1.64
2562 0.96
2565 0.66
2566 1.49
2570 1.59
2571 1.14
2576 1.84
2579 0.95
2580 1.76
2582 1.29
2583 1.63
2587 1.83
2590 1.11
2597 1.73
2603 1.58
2615 0.87
2616 1.62
2617 1.19
2634 1.03
2637 1.83
2641 1.55
2652 0.76
2657 1.28
2658 1.09
2659 1.10
2662 1.68
2663 1.79
2666 1.89
2667 1.36
2671 1.02
2676 1.06
2677 1.26
2684 0.61
2688 1.63
2693 0.54
2699 0.76
2704 0.63
2706 1.38
2710 0.57
2711 1.25
2725 0.69
2728 0.68
2729 1.67
2732 0.89
2733 0.97
2734 1.62
2735 1.55
2736 0.57
2737 1.75
2738 0.63
2739 1.05
2740 1.21
END
